Country Name	NMR	U5MR	IMZ	WTR	SNT	PPE	PRM	PRC
Afghanistan	0.099128868	0.430432955	0.551330798	0.465138925	0.320348677	0	0.546099615	0.22156131
Albania	0.874436768	0.907103825	0.996197719	0.870967048	0.966552796	0.504632595	0.522396937	0.797634949
Algeria	0.683088014	0.825872215	0.939163498	0.913138489	0.861595915	0.51845915	0.683965971	0.857937189
Andorra	0.995494142	0.995166036	0.984790875	1	1	0.394643804	0.436436113	0.793887601
Angola	0.333433464	0.291193779	0.617870722	0.268912391	0.319013814	0.501472543	0.629251469	0.192704918
Antigua and Barbuda	0.927906278	0.948612863	0.996197719	0.961337159	0.862336215	0.504718946	0.379936576	0.704187714
Argentina	0.871733253	0.923497268	0.918250951	0.994249908	0.94493215	0.450124525	0.63647008	0.862509885
Armenia	0.839591469	0.902480034	0.937262357	0.975767644	0.908024827	0.328811232	0.432771208	0.768392641
Australia	0.969059778	0.986338798	0.910646388	0.999190303	1	0.728045523	0.550785164	0.853805594
Austria	0.971462902	0.988545607	0.899239544	1	0.999771084	0.648190021	0.505246376	0.807893149
Azerbaijan	0.602282968	0.761769651	0.893536122	0.791933293	0.845122478	0.156912789	0.505753719	0.763930247
Bahamas	0.881345749	0.928226145	0.969581749	0.973150292	0.913143326	0.202762491	0.513072666	0.754380551
Bahrain	0.955542205	0.958385876	0.996197719	0.999997702	0.999997024	0.341032345	0.475228138	0.769773863
Bangladesh	0.525983779	0.712694409	0.958174905	0.962128406	0.395893866	0.171405384	0.659496666	0.630250946
Barbados	0.841994593	0.919609079	0.904942966	0.977624433	0.951210102	0.514723516	0.443104867	0.79695546
Belarus	0.984680084	0.983606557	0.986692015	0.975148808	0.939911177	0.652242954	0.49782884	0.852509801
Belgium	0.972964854	0.986338798	0.994296578	1	0.994510247	0.758218475	0.52631141	0.705394964
Belize	0.78131571	0.892812106	0.952471483	0.944998865	0.854462842	0.301569029	0.639592624	0.870910898
Benin	0.331931511	0.246637243	0.728136882	0.580618988	0.073144791	0.12741861	0.799254778	0.552771352
Bhutan	0.599879844	0.744745691	0.967680608	0.950914164	0.588352037	0.082786713	0.525709192	0.747440447
Bolivia	0.586362271	0.712694409	0.954372624	0.886151126	0.468166249	0.399552068	0.489657534	0.776366013
Bosnia and Herzegovina	0.919795734	0.970680958	0.830798479	0.969387461	0.944257169	0.719341563	0.493243642	0.832424655
Botswana	0.445178732	0.673392182	0.946768061	0.740446572	0.566547692	0.116372514	0.596935335	0.727087052
Brazil	0.830880144	0.889974779	0.946768061	0.961240411	0.830239178	0.480681428	0.719649448	0.909578366
Brunei Darussalam	0.926404326	0.942202606	0.988593156	0.993953436	0.960917172	0.442681618	0.563208382	0.890395335
Bulgaria	0.926404326	0.948928121	0.918250951	0.99173952	0.84998664	0.525905155	0.499481364	0.87002302
Burkina Faso	0.433463503	0.289092055	0.885931559	0.416809776	0.149069645	0.022657725	0.326158849	0.360447619
Burma	0.462901772	0.59604876	0.823193916	0.57490218	0.631216673	0.101235796	0.498051244	0.680614894
Burundi	0.466806849	0.414985288	0.950570342	0.451701687	0.45939996	0.069572063	0.931683293	0.426472108
Cambodia	0.63322319	0.748528794	0.847908745	0.645637325	0.387508546	0.0994844	0.714480458	0.742479689
Cameroon	0.477020126	0.33396385	0.815589354	0.553490611	0.347670784	0.207863449	0.665561651	0.548296664
Canada	0.947732052	0.978352249	0.88973384	0.989548283	0.983977229	0.594206567	0.499423745	0.819896855
Cape Verde	0.784019225	0.841214796	0.937262357	0.816959376	0.60240945	0.429738507	0.493967114	0.708361685
Chad	0.247221388	0	0.214828897	0.28539542	0.033921125	0.010445671	0.413753652	0.096896504
Chile	0.907780114	0.95470786	0.923954373	0.995790034	0.988816296	0.596518383	0.488917843	0.776249061
China	0.88194653	0.924337957	1	0.919308359	0.707397519	0.456404335	0.530065395	0.868064174
Colombia	0.824571944	0.893022278	0.874524715	0.945972291	0.819560167	0.345501466	0.688191345	0.941076356
Comoros	0.282367077	0.423392182	0.821292776	0.803259151	0.287094458	0.1412838	0.57044239	0.564885698
Congo	0.571643136	0.58837747	0.77756654	0.585671108	0.088496737	0.074790809	0.562604775	0.500772195
Costa Rica	0.887954341	0.946406053	0.897338403	0.989035706	0.96524498	0.494815213	0.640556638	0.838382597
Cote d'Ivoire	0.202763593	0.27112232	0.733840304	0.665831233	0.237904684	0.03743913	0.355510343	0.342719221
Croatia	0.953139081	0.980138714	0.950570342	0.993402245	0.972290487	0.397006899	0.449387597	0.770374165
Cuba	0.967257435	0.974779319	0.990494297	0.936596021	0.899223743	0.645948317	0.517282136	0.80648561
Cyprus	0.985881646	0.994745691	0.992395437	1	0.994748147	0.501489211	0.496879781	0.824167841
Czech Republic	0.986782818	0.99369483	0.984790875	0.998402102	0.990780322	0.661724173	0.496006667	0.840875468
Democratic Republic of the Congo	0.379092821	0.24726776	0.676806084	0.269493659	0.146832538	0.025135502	0.554703204	0.473229343
Denmark	0.957644938	0.986443884	0.918250951	1	0.995697694	0.624864097	0.50729898	0.81992363
Djibouti	0.285971763	0.500315259	0.792775665	0.712907799	0.479655138	0.030055244	0.081716839	0.297777948
Dominica	0.588765395	0.806431274	0.980988593	0.956399944	0.761610617	0.598500617	0.667330791	0.830500262
Dominican Republic	0.558425954	0.776691887	0.828897338	0.926132379	0.810480418	0.261646533	0.535199256	0.736383944
Ecuador	0.762691499	0.848360656	0.817490494	0.88981693	0.825627454	0.371183399	0.656889109	0.936864845
Egypt	0.72213878	0.827553594	0.946768061	0.979546612	0.925716869	0.169001291	0.518615984	0.837282331
El Salvador	0.841994593	0.892812106	0.899239544	0.891426935	0.88799632	0.408870238	0.597524139	0.845253228
Equatorial Guinea	0.305797537	0.277742749	0	0.377712846	0.732347015	0.316481036	0.116391028	0.189329208
Eritrea	0.620006008	0.652900378	0.933460076	0	0.048523903	0.104269163	0	0.196331645
Estonia	0.985881646	0.990437158	0.925855513	0.994531371	0.9948951	0.557334888	0.494365672	0.847327558
Ethiopia	0.369480324	0.511559479	0.629277567	0.204942101	0	0.10432681	0.455255462	0.313265216
Fiji	0.823069991	0.846364018	1	0.924901257	0.924404482	0.395834204	0.554310421	0.879656297
Finland	0.990988285	0.99779319	0.979087452	1	0.994103295	0.48260997	0.497062427	0.8210677
France	0.972063683	0.98738966	0.992395437	0.999951765	0.985619776	0.690646646	0.575656096	0.734838509
Gabon	0.527786122	0.608238756	0.686311787	0.833350419	0.365678461	0.225123634	0.934544475	0.680062045
Gambia	0.401922499	0.484131988	0.967680608	0.742769047	0.398643599	0.225816313	0.342294179	0.491061389
Georgia	0.824571944	0.918873476	0.914448669	0.907278039	0.859344245	0.267502218	0.540803087	0.88250373
Germany	0.972364073	0.98791509	0.946768061	1	0.991642399	0.705634056	0.519280294	0.834533637
Ghana	0.409732652	0.529319042	0.910646388	0.700818793	0.079041199	0.729309698	0.570406777	0.776706723
Greece	0.973565635	0.98875578	1	0.999718708	0.983944219	0.383453961	0.44018828	0.751695393
Grenada	0.854010213	0.905107188	0.958174905	0.947436531	0.7827384	0.584051419	0.529587463	0.960581066
Guatemala	0.701111445	0.783312316	0.80418251	0.905413139	0.637380714	0.346335469	0.573976487	0.656832832
Guinea	0.443376389	0.290248003	0.469581749	0.572047377	0.143088059	0.088514975	0.385559458	0.402657381
Guinea-Bissau	0.149894863	0.282366541	0.830798479	0.588250051	0.143627068	0.042786607	0.700000637	0.431566478
Guyana	0.572243917	0.758617066	0.961977186	0.923428142	0.838173199	0.55132645	0.459910592	0.798921267
Haiti	0.469510363	0.344262295	0.509505703	0.546687355	0.24055331	0.087829896	0.42521756	0.351572649
Honduras	0.775908681	0.863282892	0.97338403	0.884881381	0.754484473	0.259084078	0.48320068	0.677225461
Hungary	0.956142986	0.976040353	1	0.999632098	0.978626294	0.543348682	0.505122655	0.802321548
Iceland	0.997596876	1	0.906844106	1	0.986975568	0.615927356	0.47807157	0.816785649
India	0.417843196	0.645334174	0.796577947	0.832978138	0.363740946	0.063047712	0.606268111	0.787902596
Indonesia	0.705617302	0.799495586	0.756653992	0.842278919	0.61785866	0.319745784	0.572205022	0.860500671
Iran (Islamic Republic of)	0.79303094	0.89186633	0.996197719	0.938226631	0.873236849	0.263743606	0.590224513	0.862979676
Iraq	0.60949234	0.766393443	0.585551331	0.806974957	0.838401838	0.654126874	0.41971656	0.768403091
Ireland	0.971162511	0.988545607	0.948669202	0.982559019	0.910046813	0.669704577	0.530028753	0.860599388
Israel	0.974767197	0.987179487	0.942965779	1	1	0.67887673	0.545670534	0.87149818
Italy	0.973866026	0.990226986	0.948669202	1	0.992320981	0.6347486	0.511222823	0.846892815
Jamaica	0.767798138	0.89407314	0.931558935	0.909669894	0.841869033	0.540969069	0.485226592	0.736638447
Japan	1	0.995166036	0.97148289	0.985722382	0.999975957	0.54944538	0.500764204	0.846051361
Jordan	0.776509462	0.875157629	0.988593156	0.984420246	0.968876362	0.412813367	0.461182486	0.807388535
Kazakhstan	0.846500451	0.899747793	0.956273764	0.882477567	0.97490612	0.355391974	0.605786178	0.948051908
Kenya	0.51456894	0.60813367	0.893536122	0.465738424	0.252326307	0.455324413	0.58347495	0.836975514
Kiribati	0.519074797	0.585540143	0.847908745	0.558959052	0.352019768	0.225814786	0.580161978	0.970463432
Korea. Republic of	0.985881646	0.989701555	0.986692015	0.991373089	0.999592098	0.59467213	0.484101137	0.84849237
Kuwait	0.916191048	0.946931484	0.988593156	1	1	0.485669499	0.531121194	0.813300706
Kyrgyzstan	0.734454791	0.833018075	0.963878327	0.828976493	0.954736659	0.158000471	0.548388169	0.849460241
Lao People's Democratic Republic	0.372484229	0.494220261	0.779467681	0.693126612	0.631777499	0.18440774	0.709449911	0.785330338
Latvia	0.9525383	0.972047079	0.925855513	0.98063419	0.911616361	0.559978852	0.52661925	0.870304682
Lebanon	0.908080505	0.950294241	0.760456274	0.890739309	0.90873079	0.542450913	0.463533837	0.597694792
Lesotho	0.187443677	0.298970156	0.929657795	0.640060145	0.335668335	0.227025282	0.581752978	0.540432061
Liberia	0.498648243	0.448717949	0.602661597	0.613585122	0.105265022	1	0.466519244	0.407981252
Libyan Arab Jamahiriya	0.851306699	0.908049601	0.97148289	0.960037552	0.996795446	0.294971915	0.583339279	0.87234304
Lithuania	0.967257435	0.978457335	0.923954373	0.957036742	0.916230077	0.534257741	0.493316112	0.819659649
Luxembourg	0.986182037	0.998003363	1	0.99934728	0.97463136	0.584042853	0.463323185	0.634875212
Madagascar	0.593872034	0.623581337	0.644486692	0.362290251	0.025740091	0.103310833	1	0.486294242
Malawi	0.475518174	0.496637243	0.895437262	0.564712438	0.380769959	0.512867282	0.93102314	0.515139027
Malaysia	0.932412136	0.957965532	0.975285171	0.959029416	0.992392979	0.563521623	0.530669068	0.861904039
Maldives	0.896365275	0.940100883	0.988593156	0.975472507	0.956041948	0.65821047	0.509120659	0.782722738
Mali	0.219585461	0.113913409	0.593155894	0.633309134	0.244713346	0.024020465	0.257297253	0.324452264
Malta	0.924001202	0.966687684	0.942965779	1	0.999665313	0.713773746	0.505500519	0.807351963
Mauritania	0.268849504	0.360130307	0.688212928	0.596839913	0.369594219	0.065125212	0.453190391	0.477135818
Mauritius	0.832382097	0.909836066	0.980988593	0.997775927	0.925333625	0.66902545	0.524695051	0.809185332
Mexico	0.851607089	0.900273224	0.908745247	0.961846344	0.863427868	0.531342722	0.553978057	0.833529336
Micronesia. Federated States of	0.630820066	0.748213535	0.726235741	0.858865249	0.53264438	0.210519547	0.455686589	0.603360082
Mongolia	0.778311805	0.859815048	0.992395437	0.762615412	0.551670304	0.75730876	0.62579511	0.812767536
Montenegro	0.950735957	0.979508197	0.910646388	0.957736285	0.944343774	0.326462768	0.489119587	0.719242443
Morocco	0.610093121	0.79529214	1	0.754596751	0.800014223	0.348635039	0.60779809	0.757509292
Mozambique	0.404626014	0.390290038	0.714828897	0.298733888	0.162353881	0.422624521	0.568147198	0.284082308
Namibia	0.630820066	0.643547709	0.842205323	0.735030062	0.283781605	0.118175438	0.601243854	0.655098261
Nepal	0.517873235	0.720260614	0.872623574	0.833492642	0.377785678	0.520168246	0.937138029	0.868049219
Netherlands	0.965455092	0.986969315	0.963878327	1	0.976140083	0.59039359	0.550114981	0.826119555
New Zealand	0.954641033	0.974253888	0.918250951	1	1	0.581561668	0.480897687	0.853057607
Nicaragua	0.814358666	0.855716688	0.986692015	0.777842607	0.719025658	0.371483272	0.758839391	0.667618066
Niger	0.436467408	0.241908365	0.600760456	0.316970818	0.056467231	0.040805813	0.141296181	0.24378692
Nigeria	0.256833884	0.162147961	0.323193916	0.557990717	0.285648293	0.26629412	0.386067875	0.537716068
Norway	0.985280865	0.995901639	0.937262357	1	0.979283775	0.624851525	0.492256846	0.820423844
Oman	0.907179333	0.934846574	0.996197719	0.849441503	0.980997341	0.352884689	0.579328954	0.830179243
Pakistan	0	0.38776797	0.663498099	0.860530443	0.508079641	0.47118646	0.415119552	0.509220287
Palau	0.824271553	0.887978142	0.868821293	0.983925333	0.999271226	0.512000021	0.662946701	0.85791417
Panama	0.797536798	0.884930643	0.769961977	0.92514055	0.730473488	0.357482171	0.513010067	0.807231836
Papua New Guinea	0.495944728	0.578079025	0.652091255	0.220310256	0.130495715	0.34865473	0.635738563	0.578810535
Paraguay	0.762691499	0.855821774	0.868821293	0.94032358	0.873267138	0.246002139	0.54329022	0.723974156
Peru	0.840793031	0.887978142	0.8878327	0.858154363	0.729433577	0.531152664	0.54087226	0.808393647
Philippines	0.736857915	0.799810845	0.739543726	0.873828712	0.717791281	0.639578927	0.651276789	0.836182719
Poland	0.954641033	0.978457335	0.994296578	0.974097976	0.959953669	0.474011011	0.507562223	0.780068629
Portugal	0.974166416	0.990226986	0.984790875	0.99739364	0.990583753	0.577717866	0.590070853	0.881181958
Qatar	0.929708621	0.953026482	0.946768061	1	0.998269145	0.361992605	0.5237005	0.778419489
Romania	0.919194953	0.942938209	0.895437262	1	0.804695202	0.544804598	0.427771464	0.776108606
Russia	0.94082307	0.953026482	0.97338403	0.953098242	0.87137563	0.520392104	0.501773729	0.824686269
Rwanda	0.618804446	0.659625893	0.982889734	0.447878568	0.569820462	0.094421868	0.953869799	0.455371059
Saint Kitts and Nevis	0.880144187	0.939680538	0.960076046	0.987305492	0.910369966	0.706002581	0.652648326	0.845495113
Saint Lucia	0.81045359	0.911517444	0.986692015	0.961457557	0.889933235	0.499188607	0.656143643	0.682173448
Saint Vincent and the Grenadines	0.777110243	0.880201765	0.979087452	0.937386978	0.842307872	0.540266924	0.539899368	0.807416339
Samoa	0.8164614	0.882723834	0.536121673	0.941136089	0.96886485	0.240415037	0.575197991	0.86918442
Sao Tome and Principe	0.675878642	0.730033628	0.963878327	0.725252279	0.325514105	0.293959826	0.624758109	0.75108524
Saudi Arabia	0.860318414	0.912358134	0.986692015	0.997954894	1	0.103863962	0.644251153	0.957994222
Senegal	0.534695104	0.60456074	0.88973384	0.667402637	0.430295163	0.091381942	0.313569287	0.374692244
Serbia	0.929708621	0.967213115	0.920152091	0.87970646	0.947890667	0.364134733	0.497665158	0.832226077
Seychelles	0.82847702	0.910571669	0.986692015	0.951658478	0.992897468	0.663769248	0.65138313	1
Sierra Leone	0.253529588	0.030369903	0.844106464	0.443289855	0.078916056	0.055259387	0.645819758	0.40801466
Singapore	0.997596876	0.996952501	0.965779468	1	1	0.625177716	0.503363957	0.863567936
Slovakia	0.950435566	0.970050441	0.982889734	0.974620193	0.988402325	0.582623862	0.496787565	0.785174865
Slovenia	0.98828477	0.997372846	0.950570342	0.994273046	0.990464936	0.584105525	0.486820526	0.812418794
Solomon Islands	0.790928207	0.817990752	0.950570342	0.601484496	0.246385941	0.621202722	0.654593422	0.665469267
South Africa	0.758486032	0.671080286	0.627376426	0.797491589	0.690584952	0.485833005	0.475596468	0.649095549
South Sudan	0.167017122	0.274169819	0.750484202	0.343108174	0.024427462	0.051379088	0.21821187	0
Spain	0.977470712	0.991277848	0.97148289	0.999710724	0.998976089	0.615525515	0.544354551	0.837402369
Sri Lanka	0.902072695	0.941887348	1	0.87496822	0.927361244	0.592305535	0.502607672	0.81710683
Sudan	0.368879543	0.495691467	0.914448669	0.451518701	0.267704279	0.25171807	0.173980783	0.375176193
Suriname	0.77500751	0.855506515	0.855513308	0.931750048	0.779137488	0.560011409	0.699066331	0.712660819
Swaziland	0.554220487	0.431168558	0.920152091	0.569252651	0.535716651	0.146988082	0.614190187	0.571206474
Sweden	0.987083208	0.995586381	0.986692015	1	0.992599987	0.604504327	0.62338033	0.846495315
Switzerland	0.957344548	0.985603195	0.961977186	1	0.998852216	0.650554217	0.532302782	0.788301542
Syrian Arab Republic	0.833583659	0.889554435	0.374524715	0.958682034	0.924165208	0.058548396	0.61990477	0.79562706
Tajikistan	0.572544308	0.666666667	0.952471483	0.656833625	0.944737596	0.060656347	0.465568311	0.815999634
Thailand	0.851306699	0.918032787	1	0.971572431	0.946672796	0.443073858	0.475354651	0.726575122
Timor-Leste	0.531991589	0.606872636	0.712927757	0.590104884	0.379069359	0.091932717	0.731029897	0.660542534
Togo	0.443075999	0.407419084	0.823193916	0.50716559	0.075081259	0.077033505	0.772851793	0.574851445
Tonga	0.870832082	0.891025641	0.745247148	0.995934947	0.921827711	0.235795514	0.597196505	0.896497217
Trinidad and Tobago	0.730549715	0.866960908	0.91634981	0.961438983	0.915851787	0.528066564	0.564570456	0.774163562
Tunisia	0.827575849	0.904686843	0.984790875	0.917949708	0.906835347	0.273576258	0.621608013	0.827725722
Turkey	0.856413337	0.901849517	0.975285171	0.980656864	0.940153605	0.179041977	0.528782842	0.79581484
Turkmenistan	0.519074797	0.602774275	0.980988593	0.911848223	0.961095106	0.36928561	0.362802924	0.705733075
Uganda	0.53259237	0.533102144	0.731939163	0.230372338	0.129816781	0.072210833	0.567971809	0.322926643
Ukraine	0.891258636	0.941467003	0.288973384	0.967307202	0.954936208	0.612701785	0.499347675	0.826316224
United Arab Emirates	0.933313307	0.957860446	0.982507452	0.995497217	0.999754155	0.541501168	0.538596189	0.775033844
United Kingdom	0.960949234	0.982765868	0.94486692	1	0.990551888	0.548221444	0.556622509	0.857096561
United Republic of Tanzania	0.53229198	0.548549811	0.929657795	0.348679961	0.150837954	0.206646393	0.356507241	0.591670668
United States	0.938119555	0.966477512	0.94486692	0.990007329	0.999669922	0.442125936	0.481299774	0.793344272
Uruguay	0.912886753	0.945355191	0.94486692	0.985540001	0.950655293	0.565603246	0.601883185	0.867262446
Uzbekistan	0.672273956	0.797498949	1	0.894974274	1	0.157582518	0.461737989	0.769872129
Vanuatu	0.76359267	0.805590584	0.538022814	0.85959017	0.50206626	0.621302132	0.74432687	0.704847515
Venezuela	0.797236407	0.893232451	0.762357414	0.966932034	0.939623909	0.463506411	0.498030254	0.769941644
Viet Nam	0.76930009	0.851513241	0.884030418	0.861389238	0.725492299	0.505219123	0.581320108	0.861940267
Yemen	0.4556924	0.609184531	0.629277567	0.574605442	0.533705942	0.008897581	0.423267209	0.467106272
Zambia	0.498948633	0.480138714	0.800380228	0.498000795	0.255374149	0.149008852	0.555449306	0.68261595
Zimbabwe	0.472814659	0.49148802	0.899239544	0.598007795	0.350420805	0.264647981	0.494224841	0.702762879
